1 9 30 31 38 6 9
22 23 33 37 40 3 8
5 12 16 26 47 7 9
5 12 18 29 50 3 12
6 8 26 35 48 7 8
17 22 23 28 29 2 4
4 16 17 19 26 1 8
25 28 31 38 47 2 5
4 5 8 11 26 1 4
11 20 25 39 47 3 6
5 11 15 33 48 1 3
14 24 26 30 48 2 5
1 9 26 40 50 1 7
8 10 30 39 48 1 2
5 14 17 24 38 8 9
11 22 28 44 49 4 6
5 32 38 40 45 4 11
12 14 19 29 33 7 8
13 17 32 34 37 9 11
24 39 45 46 50 9 12
5 16 19 31 41 2 6
2 16 17 30 50 1 5
2 10 22 29 41 2 9
9 14 24 45 50 3 8
3 22 45 48 49 1 8
1 3 41 46 48 6 7
2 6 11 14 37 2 3
11 16 29 43 46 6 10
1 22 25 28 36 3 8
5 9 15 46 49 2 8
6 7 8 33 47 1 3
7 9 14 23 46 5 11
22 26 30 42 46 7 11
3 21 41 42 45 1 9
1 2 11 34 44 4 9
11 19 25 29 43 8 12
6 7 9 20 36 3 5
12 16 20 23 43 3 6
1 27 30 42 48 3 7
7 8 33 34 47 10 11
4 12 15 36 39 7 10
4 14 19 31 50 2 10
12 19 23 37 48 4 11
3 11 17 30 49 5 8
4 9 12 20 43 7 10
7 20 21 29 45 6 11
7 35 39 44 45 7 10
7 18 29 45 49 7 10
1 10 17 38 48 1 10
6 16 18 27 48 1 9
15 23 32 35 36 5 12
16 17 30 36 43 7 9
13 30 44 48 50 5 11
3 4 17 33 46 9 10
11 12 15 26 49 3 4
19 23 34 37 46 10 11
12 23 26 38 45 1 10
35 36 37 40 43 5 9
2 5 25 31 49 2 5
1 17 21 27 48 1 11
24 28 32 39 49 2 4
2 22 41 49 50 6 10
3 4 32 35 41 3 4
3 8 9 19 34 8 11
4 8 12 17 39 1 11
12 37 40 44 47 8 9
6 30 35 36 38 8 12
8 10 25 35 37 2 9
13 17 22 40 49 4 6
12 18 35 42 45 4 9
1 7 16 39 43 8 12
12 14 19 23 46 2 6
21 33 36 40 42 9 10
14 29 36 45 49 10 12
4 7 16 18 39 5 6
1 9 36 45 49 10 12
2 3 5 13 48 4 5
9 11 23 30 43 6 7
4 24 28 31 47 3 4
10 25 26 28 43 7 9
1 4 7 9 17 6 9
3 14 21 27 43 4 5
11 12 14 16 30 4 6
5 18 32 33 45 8 9
4 7 12 32 33 2 11
5 16 21 35 40 1 2
8 17 20 25 30 1 12
3 23 37 38 45 2 11
2 35 41 43 50 2 4
4 7 33 37 48 3 10
3 8 21 26 40 7 10
8 18 41 42 50 5 7
10 11 15 33 34 1 4
6 20 30 31 50 1 9
17 18 22 28 50 2 11
5 30 32 36 50 8 11
4 32 35 40 49 9 12
19 22 35 36 40 5 12
2 12 23 30 45 4 6
6 16 18 27 46 1 7
3 12 14 24 30 10 12
2 19 30 32 38 5 12
10 11 26 39 41 2 9
1 22 26 32 49 2 10
7 20 25 28 34 3 8
12 20 38 42 48 7 8
3 15 39 41 43 1 10
1 6 17 20 38 4 11
1 25 33 36 38 3 7
1 3 4 42 44 2 3
11 12 17 41 50 10 11
3 20 34 35 36 3 10
16 29 33 40 50 4 10
5 16 36 46 50 5 9
21 31 33 39 41 2 7
7 11 12 40 44 4 11
5 17 39 43 50 6 7
18 19 24 42 46 4 8
3 28 32 41 42 9 10
1 12 18 24 38 4 10
15 32 37 41 49 9 11
6 18 29 37 46 1 10
16 18 40 42 43 1 6
7 9 17 26 40 7 8
4 12 29 32 44 5 10
1 7 41 44 48 4 9
5 18 28 35 38 2 8
15 22 30 38 40 6 11
4 9 26 35 47 3 10
12 25 31 39 48 4 5
3 10 27 32 45 3 6
1 4 19 23 39 4 7
8 14 19 27 50 3 12
3 18 27 31 45 2 6
15 25 44 47 50 4 8
1 8 15 28 31 1 5
1 12 13 22 27 8 12
1 5 6 18 44 10 11
1 20 22 40 44 2 8
3 15 25 35 36 11 12
2 6 26 31 45 5 6
7 17 21 28 35 1 4
3 12 16 38 48 3 10
8 13 16 37 50 7 10
7 8 16 38 48 6 8
7 8 19 22 40 3 6
3 7 31 37 45 6 10
7 21 31 36 46 2 9
10 12 19 48 49 2 5
9 11 19 31 38 2 12
17 18 30 38 41 6 7
7 10 17 33 43 8 10
1 22 27 45 49 2 11
2 20 30 39 44 4 5
11 21 24 26 39 6 10
3 11 14 38 41 1 4
7 11 22 30 48 6 7
3 16 22 24 41 5 12
2 18 19 40 49 4 7
1 4 11 15 24 2 7
12 23 25 45 48 5 11
7 25 33 38 42 7 8
5 6 13 26 29 1 6
